3091069431
3455547830
3583188792
3712650394
3360193336
3365639552
3227899731
3675161520
3071209915
3331937749
3145781680
3663857931
3535803756
3310240982
3286182665
3262920150
3252379913
3361842183
3226680626
3248842358
3072610663
3555615746
3330894823
3347418203
3084697233
3445829396
3644957684
3087543130
3223525974
3691959849
3610993599
3251914993
3251593033
3198066058
3070231528
3752738126
3580412151
3174524746
3559330245
3595134284
3451195984
3260273697
3250974096
3668165205
3683711921
3399954774
3427624001
3423221710
3300310116
3214250988
3154062503
3404397288
3412129855
3574703644
3456691074
3083632383
3329668908
3429597811
3764175346
3201834353
3217056098
3070281654
3527162200
3169214837
3280054813
3080846697
3494622986
3681765912
3501125080
3767338754
3706700573
3150912938
3605252431
3073653424
3557589803
3604824218
3375743674
3215749919
3493671818
3091942084
3273810530
3248464092
3392374432
3075687337
3099208354
3291812593
3328612540
3378501953
3596991057
3723915528
3419539047
3113561170
3594228942
3786986660
3644988698
3357121032
3255751584
3073379342
3775441357
3387284574
3243560785
3331345627
3667395128
3613791987
3546897103
3251815259
3083573930
3073553926
3362719311
3101174331
3323542208
3485132292
3131335064
3758071889
3725301249
3282400800
3363808337
3367623638
3734385165
3544592970
3610763992
3559557611
3129406884
3733337770
3375301835
3159658783
3322882927
3718926449
3309934498
3135918205
3666405467
3167475235
3420276708
3524889413
3503421526
3228849421
3649641848
3721723096
3554293383
3267932570
3720925721
3084785318
3381259146
3621274089
3256085985
3309007201
3211676445
3231280179
3252377262
3070332866
3310260547
3709979233
3289746748
3273375829
3463705720
3295082384
3270937493
3398706540
3353405580
3236270292
3344357687
3400290170
3373306757
3747174731
3220221743
3453060884
3615320619
3459109250
3526817084
3199805346
3201034411
3425744076
3730157359
3422599395
3325696092
3425902946
3318263833
3480564668
3261709847
3347081341
3173196031
3247462748
3120465300
3361357611
3151737696
3606121800
3480475048
3502458657
3281834374
3262558725
3719379905
3246171131
3087521295
3194922441
3624912780
3376623477
3268855381
3076662784
3072150479
3072712278
3090239773
3659211427
3534202620
3265261614
3076127575
3739829801
3079562247
3368351412
3554531110
3383484740
3075976468
3778550955
3273910575
3243378527
3292773390
3558256619
3169700716
3472606171
3565689743
3303378356
3283238776
3326176066
3089070637
3397783582
3490445810
3250118774
3125207714
3325370910
3397749308
3083543662
3170603615
3077639523
3126748848
3464430150
3738689206
3534403561
3240966394
3472564664
3656591566
3367534981
3577497431
3244020906
3471190473
3440619332
3567816139
3072646272
3349284078
3387818506
3214940342
3480565759
3720520045
3182611588
3133242053
3418753441
3353505696
3220471698
3199590006
3266739716
3177491488
3098731139
3138594789
3492660421
3444189983
3090180606
3262559311
3677018112
3464392570
3077381254
3091057104
3104693607
3565534796
3420245755
3580022842
3691276759
3492345434
3427386217
3559375583
3687346212
3751597087
3749516896
3768239050
3215084604
3330692980
3184013959
3467141649
3381264138
3277173545
3476394764
3432667287
3701316368
3760916358
3318559672
3422834977
3370830254
3612847040
3592588117
3324156583
3495926739
3084216893
3361027839
3433035996
3295495749
3285781300
3153952411
3725762233
3209995116
3101279523
3561455176
3491609761
3209599928
3160547491
3310660027
3229383490
3348665019
3512703303
3358056867
3456114547
3283167200
3716633440
3582313204
3779264454
3434442059
3499962464
3467218688
3408908971
3297038916
3353097518
3694558819
3407901941
3159812985
3383451059
3659830085
3469573172
3397864348
3443889075
3076043478
3242876423
3255547370
3075635324
3267175222
3111583269
3171061416
3128321209
3441136762
3799577772
3259318150
3274462953
3277028846
3316647362
3142876280
3404515839
3203203928
3659734314
3500311066
3366678704
3493176131
3553979630
3139639057
3371340033
3381572627
3555222611
3257491664
3162998843
3100100976
3733078281
3075014275
3552194255
3247766438
3071483803
3563019175
3218547242
3084219587
3184009332
3706649110
3448333943
3505147359
3492900445
3128279930
3078006878
3476450406
3425595150
3075694806
3330181267
3134108142
3258064134
3735393415
3638904786
3462082136
3480319693
3134550710
3722688576
3252844768
3561063526
3470854774
3315967896
3075946829
3075967570
3775880991
3333641272
3354454236
3685622258
3379185817
3478450356
3717533305
3722814053
3207572850
3588414134
3217227843
3634790579
3535868994
3558923245
3148296430
3307061089
3171881962
3378842690
3374542647
3521710695
3411145443
3357015378
3693202460
3673154394
3713818330
3484229969
3149203270
3212196068
3258673372
3352275561
3272284666
3710728095
3303188199
3368481687
3303191928
3267382742
3636650451
3266019386
3208444375
3267469267
3334864881
3264110647
3429593650
3323092112
3219243688
3424789775
3573282229
3390192395
3324696235
3118969371
3444132875
3194494417
3276197721
3519985936
3123260164
3304076935
3362061557
3098739829
3567890549
3418758157
3410416437
3472820975
3253200036
3093361377
3460219997
3775081142
3551367156
3557375758
3709810711
3683997300
3600733619
3082188705
3386114661
3428262134
3293436009
3170338275
3651583290
3439001340
3124799228
3248498691
3304434521
3669722089
3224375193
3105755546
3396065042
3631771582
3454138717
3590692268
3763862205
3380479672
3239514390
3278144490
3385381348
3530061480
3389333194
3074987016
3564404244
3457205872
3109957993
3304371486
3752918613
3513697564
3501126500
3453518918
3101065234
3367711562
3551455108
3096674083
3269254804
3097124262
3267059270
3372089032
3707338750
3083693391
3345284992
3381888563
3278140812
3111525416
3455771581
3742098329
3574053012
3364699616
3294459795
3736078005
3511418043
3082185566
3784463248
3304571694
3264302314
3726895370
3416293909
3741438464
3173139330
3193837246
3257332702
3083304405
3254785591
3375366241
3518946563
3675256794
3144617784
3380544762
3299009552
3544927725
3417441634
3271367553
3208033496
3111585991
3778930697
3491611168
3090094325
